708,4
708,3
708,2
708,1
708,0
707,3
707,2
707,1
707,0
706,5
706,4
706,3
706,2
706,1
706,0
705,4
705,3
705,2
705,1
705,0
704,3
704,2
704,1
704,0
703,5
703,4
703,3
703,2
703,1
703,0
702,4
702,3
702,2
702,1
702,0
701,3
701,2
701,1
701,0
700,3
700,2
700,1
700,0
699,4
699,3
699,2
699,1
699,0
698,3
698,2
698,1
698,0
697,3
697,2
697,1
697,0
696,6
696,5
696,4
696,3
696,2
696,1
696,0
695,5
695,4
695,3
695,2
695,1
695,0
694,4
694,3
694,2
694,1
694,0
693,3
693,2
693,1
693,0
692,4
692,3
692,2
692,1
692,0
691,3
691,2
691,1
691,0
690,5
690,4
690,3
690,2
690,1
690,0
689,4
689,3
689,2
689,1
689,0
688,3
688,2
688,1
688,0
687,5
687,4
687,3
687,2
687,1
687,0
686,4
686,3
686,2
686,1
686,0
685,3
685,2
685,1
685,0
684,4
684,3
684,2
684,1
684,0
683,3
683,2
683,1
683,0
682,3
682,2
682,1
682,0
681,6
681,5
681,4
681,3
681,2
681,1
681,0
680,5
680,4
680,3
680,2
680,1
680,0
679,4
679,3
679,2
679,1
679,0
678,3
678,2
678,1
678,0
677,4
677,3
677,2
677,1
677,0
676,3
676,2
676,1
676,0
675,5
675,4
675,3
675,2
675,1
675,0
674,4
674,3
674,2
674,1
674,0
673,3
673,2
673,1
673,0
672,5
672,4
672,3
672,2
672,1
672,0
671,4
671,3
671,2
671,1
671,0
670,3
670,2
670,1
670,0
669,3
669,2
669,1
669,0
668,4
668,3
668,2
668,1
668,0
667,3
667,2
667,1
667,0
666,3
666,2
666,1
666,0
665,6
665,5
665,4
665,3
665,2
665,1
665,0
664,5
664,4
664,3
664,2
664,1
664,0
663,4
663,3
663,2
663,1
663,0
662,3
662,2
662,1
662,0
661,4
661,3
661,2
661,1
661,0
660,3
660,2
660,1
660,0
659,5
659,4
659,3
659,2
659,1
659,0
658,4
658,3
658,2
658,1
658,0
657,3
657,2
657,1
657,0
656,5
656,4
656,3
656,2
656,1
656,0
655,4
655,3
655,2
655,1
655,0
654,3
654,2
654,1
654,0
653,3
653,2
653,1
653,0
652,3
652,2
652,1
652,0
651,3
651,2
651,1
651,0
650,3
650,2
650,1
650,0
649,3
649,2
649,1
649,0
648,4
648,3
648,2
648,1
648,0
647,3
647,2
647,1
647,0
646,3
646,2
646,1
646,0
645,6
645,5
645,4
645,3
645,2
645,1
645,0
644,5
644,4
644,3
644,2
644,1
644,0
643,4
643,3
643,2
643,1
643,0
642,3
642,2
642,1
642,0
641,4
641,3
641,2
641,1
641,0
640,3
640,2
640,1
640,0
639,5
639,4
639,3
639,2
639,1
639,0
638,4
638,3
638,2
638,1
638,0
637,3
637,2
637,1
637,0
636,5
636,4
636,3
636,2
636,1
636,0
635,4
635,3
635,2
635,1
635,0
634,3
634,2
634,1
634,0
633,3
633,2
633,1
633,0
632,3
632,2
632,1
632,0
631,3
631,2
631,1
631,0
630,3
630,2
630,1
630,0
629,3
629,2
629,1
629,0
628,4
628,3
628,2
628,1
628,0
627,3
627,2
627,1
627,0
626,3
626,2
626,1
626,0
625,6
625,5
625,4
625,3
625,2
625,1
625,0
624,5
624,4
624,3
624,2
624,1
624,0
623,4
623,3
623,2
623,1
623,0
622,3
622,2
622,1
622,0
621,4
621,3
621,2
621,1
621,0
620,3
620,2
620,1
620,0
619,5
619,4
619,3
619,2
619,1
619,0
618,4
618,3
618,2
618,1
618,0
617,3
617,2
617,1
617,0
616,5
616,4
616,3
616,2
616,1
616,0
615,4
615,3
615,2
615,1
615,0
614,3
614,2
614,1
614,0
613,3
613,2
613,1
613,0
612,3
612,2
612,1
612,0
611,3
611,2
611,1
611,0
610,3
610,2
610,1
610,0
609,3
609,2
609,1
609,0
608,4
608,3
608,2
608,1
608,0
607,3
607,2
607,1
607,0
606,3
606,2
606,1
606,0
605,6
605,5
605,4
605,3
605,2
605,1
605,0
604,5
604,4
604,3
604,2
604,1
604,0
603,4
603,3
603,2
603,1
603,0
602,3
602,2
602,1
602,0
601,4
601,3
601,2
601,1
601,0
600,3
600,2
600,1
600,0
599,5
599,4
599,3
599,2
599,1
599,0
598,4
598,3
598,2
598,1
598,0
597,3
597,2
597,1
597,0
596,5
596,4
596,3
596,2
596,1
596,0
595,4
595,3
595,2
595,1
595,0
594,3
594,2
594,1
594,0
593,3
593,2
593,1
593,0
592,3
592,2
592,1
592,0
591,3
591,2
591,1
591,0
590,3
590,2
590,1
590,0
589,3
589,2
589,1
589,0
588,4
588,3
588,2
588,1
588,0
587,3
587,2
587,1
587,0
586,3
586,2
586,1
586,0
585,6
585,5
585,4
585,3
585,2
585,1
585,0
584,5
584,4
584,3
584,2
584,1
584,0
583,4
583,3
583,2
583,1
583,0
582,3
582,2
582,1
582,0
581,4
581,3
581,2
581,1
581,0
580,3
580,2
580,1
580,0
579,5
579,4
579,3
579,2
579,1
579,0
578,4
578,3
578,2
578,1
578,0
577,3
577,2
577,1
577,0
576,5
576,4
576,3
576,2
576,1
576,0
575,4
575,3
575,2
575,1
575,0
574,3
574,2
574,1
574,0
573,3
573,2
573,1
573,0
572,3
572,2
572,1
572,0
571,3
571,2
571,1
571,0
570,3
570,2
570,1
570,0
569,3
569,2
569,1
569,0
568,4
568,3
568,2
568,1
568,0
567,3
567,2
567,1
567,0
566,3
566,2
566,1
566,0
565,6
565,5
565,4
565,3
565,2
565,1
565,0
564,5
564,4
564,3
564,2
564,1
564,0
563,4
563,3
563,2
563,1
563,0
562,3
562,2
562,1
562,0
561,4
561,3
561,2
561,1
561,0
560,3
560,2
560,1
560,0
559,5
559,4
559,3
559,2
559,1
559,0
558,4
558,3
558,2
558,1
558,0
557,3
557,2
557,1
557,0
556,5
556,4
556,3
556,2
556,1
556,0
555,4
555,3
555,2
555,1
555,0
554,3
554,2
554,1
554,0
553,3
553,2
553,1
553,0
552,3
552,2
552,1
552,0
551,3
551,2
551,1
551,0
550,3
550,2
550,1
550,0
549,3
549,2
549,1
549,0
548,4
548,3
548,2
548,1
548,0
547,3
547,2
547,1
547,0
546,3
546,2
546,1
546,0
545,6
545,5
545,4
545,3
545,2
545,1
545,0
544,5
544,4
544,3
544,2
544,1
544,0
543,4
543,3
543,2
543,1
543,0
542,3
542,2
542,1
542,0
541,4
541,3
541,2
541,1
541,0
540,3
540,2
540,1
540,0
539,5
539,4
539,3
539,2
539,1
539,0
538,4
538,3
538,2
538,1
538,0
537,3
537,2
537,1
537,0
536,5
536,4
536,3
536,2
536,1
536,0
535,4
535,3
535,2
535,1
535,0
534,3
534,2
534,1
534,0
533,3
533,2
533,1
533,0
532,3
532,2
532,1
532,0
531,3
531,2
531,1
531,0
530,3
530,2
530,1
530,0
529,3
529,2
529,1
529,0
528,4
528,3
528,2
528,1
528,0
527,3
527,2
527,1
527,0
526,3
526,2
526,1
526,0
525,6
525,5
525,4
525,3
525,2
525,1
525,0
524,5
524,4
524,3
524,2
524,1
524,0
523,4
523,3
523,2
523,1
523,0
522,3
522,2
522,1
522,0
521,4
521,3
521,2
521,1
521,0
520,3
520,2
520,1
520,0
519,5
519,4
519,3
519,2
519,1
519,0
518,4
518,3
518,2
518,1
518,0
517,3
517,2
517,1
517,0
516,5
516,4
516,3
516,2
516,1
516,0
515,4
515,3
515,2
515,1
515,0
514,3
514,2
514,1
514,0
513,3
513,2
513,1
513,0
512,3
512,2
512,1
512,0
511,3
511,2
511,1
511,0
510,3
510,2
510,1
510,0
509,3
509,2
509,1
509,0
508,4
508,3
508,2
508,1
508,0
507,3
507,2
507,1
507,0
506,3
506,2
506,1
506,0
505,6
505,5
505,4
505,3
505,2
505,1
505,0
504,5
504,4
504,3
504,2
504,1
504,0
503,4
503,3
503,2
503,1
503,0
502,3
502,2
502,1
502,0
501,4
501,3
501,2
501,1
501,0
500,3
500,2
500,1
500,0
499,5
499,4
499,3
499,2
499,1
499,0
498,4
498,3
498,2
498,1
498,0
497,3
497,2
497,1
497,0
496,5
496,4
496,3
496,2
496,1
496,0
495,4
495,3
495,2
495,1
495,0
494,3
494,2
494,1
494,0
493,3
493,2
493,1
493,0
492,3
492,2
492,1
492,0
491,3
491,2
491,1
491,0
490,3
490,2
490,1
490,0
489,3
489,2
489,1
489,0
488,4
488,3
488,2
488,1
488,0
487,3
487,2
487,1
487,0
486,3
486,2
486,1
486,0
485,6
485,5
485,4
485,3
485,2
485,1
485,0
484,5
484,4
484,3
484,2
484,1
484,0
483,4
483,3
483,2
483,1
483,0
482,3
482,2
482,1
482,0
481,4
481,3
481,2
481,1
481,0
480,3
480,2
480,1
480,0
479,5
479,4
479,3
479,2
479,1
479,0
478,4
478,3
478,2
478,1
478,0
477,3
477,2
477,1
477,0
476,5
476,4
476,3
476,2
476,1
476,0
475,4
475,3
475,2
475,1
475,0
474,3
474,2
474,1
474,0
473,3
473,2
473,1
473,0
472,3
472,2
472,1
472,0
471,3
471,2
471,1
471,0
470,3
470,2
470,1
470,0
469,3
469,2
469,1
469,0
468,4
468,3
468,2
468,1
468,0
467,3
467,2
467,1
467,0
466,3
466,2
466,1
466,0
465,6
465,5
465,4
465,3
465,2
465,1
465,0
464,5
464,4
464,3
464,2
464,1
464,0
463,4
463,3
463,2
463,1
463,0
462,3
462,2
462,1
462,0
461,4
461,3
461,2
461,1
461,0
460,3
460,2
460,1
460,0
459,5
459,4
459,3
459,2
459,1
459,0
458,4
458,3
458,2
458,1
458,0
457,3
457,2
457,1
457,0
456,5
456,4
456,3
456,2
456,1
456,0
455,4
455,3
455,2
455,1
455,0
454,3
454,2
454,1
454,0
453,3
453,2
453,1
453,0
452,3
452,2
452,1
452,0
451,3
451,2
451,1
451,0
450,3
450,2
450,1
450,0
449,3
449,2
449,1
449,0
448,4
448,3
448,2
448,1
448,0
447,3
447,2
447,1
447,0
446,3
446,2
446,1
446,0
445,6
445,5
445,4
445,3
445,2
445,1
445,0
444,5
444,4
444,3
444,2
444,1
444,0
443,4
443,3
443,2
443,1
443,0
442,3
442,2
442,1
442,0
441,3
441,2
441,1
441,0
440,3
440,2
440,1
440,0
439,5
439,4
439,3
439,2
439,1
439,0
438,4
438,3
438,2
438,1
438,0
437,3
437,2
437,1
437,0
436,5
436,4
436,3
436,2
436,1
436,0
435,4
435,3
435,2
435,1
435,0
434,3
434,2
434,1
434,0
433,3
433,2
433,1
433,0
432,3
432,2
432,1
432,0
431,3
431,2
431,1
431,0
430,3
430,2
430,1
430,0
429,3
429,2
429,1
429,0
428,4
428,3
428,2
428,1
428,0
427,3
427,2
427,1
427,0
426,3
426,2
426,1
426,0
425,6
425,5
425,4
425,3
425,2
425,1
425,0
424,5
424,4
424,3
424,2
424,1
424,0
423,4
423,3
423,2
423,1
423,0
422,3
422,2
422,1
422,0
421,4
421,3
421,2
421,1
421,0
420,3
420,2
420,1
420,0
419,5
419,4
419,3
419,2
419,1
419,0
418,4
418,3
418,2
418,1
418,0
417,3
417,2
417,1
417,0
416,5
416,4
416,3
416,2
416,1
416,0
415,4
415,3
415,2
415,1
415,0
414,3
414,2
414,1
414,0
413,3
413,2
413,1
413,0
412,3
412,2
412,1
412,0
411,3
411,2
411,1
411,0
410,3
410,2
410,1
410,0
409,3
409,2
409,1
409,0
408,4
408,3
408,2
408,1
408,0
407,3
407,2
407,1
407,0
406,3
406,2
406,1
406,0
405,6
405,5
405,4
405,3
405,2
405,1
405,0
404,5
404,4
404,3
404,2
404,1
404,0
403,4
403,3
403,2
403,1
403,0
402,3
402,2
402,1
402,0
401,4
401,3
401,2
401,1
401,0
400,3
400,2
400,1
400,0
399,5
399,4
399,3
399,2
399,1
399,0
398,4
398,3
398,2
398,1
398,0
397,3
397,2
397,1
397,0
396,5
396,4
396,3
396,2
396,1
396,0
395,4
395,3
395,2
395,1
395,0
394,3
394,2
394,1
394,0
393,3
393,2
393,1
393,0
392,3
392,2
392,1
392,0
391,3
391,2
391,1
391,0
390,3
390,2
390,1
390,0
389,3
389,2
389,1
389,0
388,4
388,3
388,2
388,1
388,0
387,3
387,2
387,1
387,0
386,3
386,2
386,1
386,0
385,6
385,5
385,4
385,3
385,2
385,1
385,0
384,5
384,4
384,3
384,2
384,1
384,0
383,4
383,3
383,2
383,1
383,0
382,3
382,2
382,1
382,0
381,3
381,2
381,1
381,0
380,3
380,2
380,1
380,0
379,5
379,4
379,3
379,2
379,1
379,0
378,4
378,3
378,2
378,1
378,0
377,3
377,2
377,1
377,0
376,5
376,4
376,3
376,2
376,1
376,0
375,4
375,3
375,2
375,1
375,0
374,3
374,2
374,1
374,0
373,3
373,2
373,1
373,0
372,3
372,2
372,1
372,0
371,3
371,2
371,1
371,0
370,3
370,2
370,1
370,0
369,3
369,2
369,1
369,0
368,4
368,3
368,2
368,1
368,0
367,3
367,2
367,1
367,0
366,3
366,2
366,1
366,0
365,6
365,5
365,4
365,3
365,2
365,1
365,0
364,5
364,4
364,3
364,2
364,1
364,0
363,4
363,3
363,2
363,1
363,0
362,3
362,2
362,1
362,0
361,3
361,2
361,1
361,0
360,3
360,2
360,1
360,0
359,5
359,4
359,3
359,2
359,1
359,0
358,4
358,3
358,2
358,1
358,0
357,3
357,2
357,1
357,0
356,5
356,4
356,3
356,2
356,1
356,0
0,575
355,4
355,3
355,2
355,1
355,0
354,3
354,2
354,1
354,0
353,3
353,2
353,1
353,0
352,3
352,2
352,1
352,0
351,3
351,2
351,1
351,0
350,3
350,2
350,1
350,0
349,3
349,2
349,1
349,0
348,4
348,3
348,2
348,1
348,0
347,3
347,2
347,1
347,0
346,3
346,2
346,1
346,0
345,6
345,5
345,4
345,3
345,2
345,1
345,0
344,5
344,4
344,3
344,2
344,1
344,0
343,4
343,3
343,2
343,1
343,0
342,3
342,2
342,1
342,0
0,574
341,3
341,2
341,1
341,0
340,3
340,2
340,1
340,0
339,5
339,4
339,3
339,2
339,1
339,0
338,4
338,3
338,2
338,1
338,0
337,3
337,2
337,1
337,0
336,5
336,4
336,3
336,2
336,1
336,0
0,573
335,4
335,3
335,2
335,1
335,0
334,3
334,2
334,1
334,0
333,3
333,2
333,1
333,0
332,3
332,2
332,1
332,0
331,3
331,2
331,1
331,0
330,3
330,2
330,1
330,0
329,3
329,2
329,1
329,0
328,4
328,3
328,2
328,1
328,0
327,3
327,2
327,1
327,0
326,3
326,2
326,1
326,0
325,6
325,5
325,4
325,3
325,2
325,1
325,0
324,5
324,4
324,3
324,2
324,1
324,0
323,4
323,3
323,2
323,1
323,0
322,3
322,2
322,1
322,0
321,3
321,2
321,1
321,0
320,3
320,2
320,1
320,0
319,5
319,4
319,3
319,2
319,1
319,0
318,4
318,3
318,2
318,1
318,0
317,3
317,2
317,1
317,0
316,5
316,4
316,3
316,2
316,1
316,0
0,572
315,4
315,3
315,2
315,1
315,0
314,3
314,2
314,1
314,0
313,3
313,2
313,1
313,0
312,3
312,2
312,1
312,0
311,3
311,2
311,1
311,0
310,3
310,2
310,1
310,0
309,3
309,2
309,1
309,0
308,4
308,3
308,2
308,1
308,0
307,3
307,2
307,1
307,0
306,3
306,2
306,1
306,0
305,6
305,5
305,4
305,3
305,2
305,1
305,0
304,5
304,4
304,3
304,2
304,1
304,0
303,4
303,3
303,2
303,1
303,0
302,3
302,2
302,1
302,0
0,310
0,305
0,308
0,307
0,302
0,304
0,303
0,12
0,569
0,10
0,8
0,0
0,531
0,419
0,300
0,530
0,418
0,299
0,548
0,417
0,298
0,547
0,416
0,297
0,546
0,415
0,296
0,545
0,414
0,295
0,557
0,413
0,294
0,556
0,412
0,293
0,529
0,411
0,292
0,528
0,410
0,291
0,560
0,409
0,290
0,565
0,407
0,289
0,566
0,406
0,288
0,527
0,405
0,287
0,526
0,404
0,286
0,543
0,403
0,285
0,542
0,402
0,284
0,544
0,401
0,283
0,541
0,400
0,282
0,525
0,399
0,281
0,524
0,398
0,280
0,540
0,397
0,279
0,539
0,396
0,278
0,538
0,395
0,277
0,559
0,394
0,276
0,563
0,393
0,275
0,562
0,392
0,274
0,564
0,391
0,273
0,561
0,390
0,272
0,537
0,389
0,271
0,523
0,388
0,270
0,522
0,387
0,269
0,536
0,386
0,268
0,535
0,385
0,267
0,534
0,384
0,266
0,489
0,383
0,265
0,488
0,382
0,264
0,487
0,381
0,263
0,554
0,380
0,262
0,553
0,379
0,261
0,555
0,378
0,260
0,552
0,377
0,259
0,520
0,376
0,258
0,519
0,375
0,257
0,521
0,374
0,256
0,517
0,373
0,255
0,516
0,372
0,254
0,518
0,371
0,253
0,514
0,370
0,252
0,513
0,369
0,251
0,515
0,368
0,250
0,512
0,473
0,249
0,471
0,367
0,248
0,472
0,366
0,247
0,486
0,365
0,246
0,510
0,364
0,245
0,511
0,470
0,244
0,509
0,485
0,242
0,469
0,363
0,241
0,468
0,362
0,240
0,508
0,361
0,239
0,570
298,3
298,1
1,1
1,3
298,5
2,4
2,6
3,1
232,0
232,1
232,3
233,0
233,2
233,4
234,0
234,2
234,3
234,5
235,0
235,2
235,4
235,5
236,0
236,1
236,3
237,1
237,2
238,0
238,1
238,3
239,0
239,1
239,3
240,0
240,2
240,3
241,1
241,3
242,0
242,2
242,3
243,1
243,3
244,0
244,2
244,3
245,1
245,2
246,0
246,2
246,3
247,1
247,2
248,0
248,2
248,3
249,1
249,2
250,0
250,1
250,3
253,1
253,2
253,4
253,5
256,1
256,3
256,4
257,0
257,1
257,3
284,1
284,2
285,0
285,1
285,3
285,4
286,1
286,3
286,4
287,0
287,1
287,3
287,5
287,6
288,1
288,2
289,0
289,1
289,3
290,1
290,2
290,4
291,0
291,2
292,0
292,1
292,3
293,0
293,2
293,3
294,1
294,3
295,0
295,2
295,3
301,0
301,2
301,3
301,5
301,4
301,1
298,2
295,1
294,2
294,0
293,1
292,2
291,3
291,1
290,3
290,0
289,2
288,3
288,0
287,4
287,2
286,5
286,2
286,0
285,2
284,3
284,0
257,2
256,5
256,2
256,0
253,3
253,0
250,2
249,3
249,0
248,1
247,3
247,0
246,1
245,3
245,0
244,1
243,2
243,0
242,1
241,2
241,0
240,1
239,2
238,4
238,2
237,3
237,0
236,2
235,6
235,3
235,1
234,4
234,1
233,3
233,1
232,2
3,3
3,0
2,2
298,4
1,0
0,494
0,448
298,0
0,437
2,1
0,408
2,5
0,342
2,3
0,322
0,243
2,0
0,9
0,507
0,360
0,238
0,467
0,359
0,237
0,466
0,358
0,236
0,505
0,357
0,235
0,506
0,356
0,234
0,504
0,355
0,233
0,464
0,354
0,232
0,463
0,353
0,231
0,465
0,352
0,230
0,462
0,461
0,229
0,460
0,351
0,228
0,459
0,350
0,227
0,458
0,349
0,226
0,457
0,348
0,225
0,456
0,455
0,224
0,502
0,484
0,223
0,503
0,347
0,222
0,454
0,346
0,221
0,453
0,345
0,220
0,501
0,344
0,219
0,483
0,451
0,218
0,482
0,450
0,217
0,452
0,343
0,216
0,449
0,571
0,215
0,481
0,341
0,214
0,568
0,340
0,213
0,447
0,446
0,212
0,445
0,444
0,211
0,443
0,339
0,210
0,500
0,338
0,209
0,498
0,337
0,208
0,442
0,336
0,207
0,441
0,335
0,206
0,497
0,334
0,205
0,496
0,440
0,204
0,499
0,333
0,203
0,439
0,332
0,202
0,438
0,331
0,201
0,436
0,330
0,200
0,480
0,435
0,199
0,479
0,567
0,198
0,434
0,329
0,197
0,478
0,328
0,196
0,433
0,327
0,195
0,432
0,326
0,194
0,431
0,430
0,193
0,429
0,428
0,192
0,495
0,325
0,63
0,493
0,324
0,62
0,492
0,323
0,61
0,491
0,321
0,60
0,490
0,477
0,59
0,427
0,320
0,58
0,476
0,319
0,57
0,475
0,318
0,56
0,426
0,317
0,55
0,474
0,425
0,54
0,424
0,423
0,53
0,422
0,316
0,52
0,421
0,315
0,51
0,420
0,314
0,50
0,533
0,313
0,49
0,532
0,312
0,48
0,558
0,311
0,47
0,550
0,309
0,46
0,549
0,306
0,45
0,551
0,301
0,6
0,5
0,1
0,11
0,4
0,2
0,3
0,7
